; FBX 6.1.0 project file
; Created by Blender FBX Exporter
; for support mail: ideasman42@gmail.com
; ----------------------------------------------------

FBXHeaderExtension:  {
	FBXHeaderVersion: 1003
	FBXVersion: 6100
	CreationTimeStamp:  {
		Version: 1000
		Year: 2019
		Month: 08
		Day: 08
		Hour: 09
		Minute: 48
		Second: 53
		Millisecond: 0
	}
	Creator: "FBX SDK/FBX Plugins build 20070228"
	OtherFlags:  {
		FlagPLE: 0
	}
}
CreationTime: "2019-08-08 09:48:53:000"
Creator: "Blender version 2.79 (sub 0)"

; Object definitions
;------------------------------------------------------------------

Definitions:  {
	Version: 100
	Count: 3
	ObjectType: "Model" {
		Count: 1
	}
	ObjectType: "Geometry" {
		Count: 1
	}
	ObjectType: "Material" {
		Count: 1
	}
	ObjectType: "Pose" {
		Count: 1
	}
	ObjectType: "GlobalSettings" {
		Count: 1
	}
}

; Object properties
;------------------------------------------------------------------

Objects:  {
	Model: "Model::Plant", "Mesh" {
		Version: 232
		Properties60:  {
			Property: "QuaternionInterpolate", "bool", "",0
			Property: "Visibility", "Visibility", "A+",1
			Property: "Lcl Translation", "Lcl Translation", "A+",0.000007629394531,0.000000000000000,0.000000000000000
			Property: "Lcl Rotation", "Lcl Rotation", "A+",180.000005008697713,-0.000000000000000,90.000009334538021
			Property: "Lcl Scaling", "Lcl Scaling", "A+",1.000000000000000,1.000000000000000,1.000000000000000
			Property: "RotationOffset", "Vector3D", "",0,0,0
			Property: "RotationPivot", "Vector3D", "",0,0,0
			Property: "ScalingOffset", "Vector3D", "",0,0,0
			Property: "ScalingPivot", "Vector3D", "",0,0,0
			Property: "TranslationActive", "bool", "",0
			Property: "TranslationMin", "Vector3D", "",0,0,0
			Property: "TranslationMax", "Vector3D", "",0,0,0
			Property: "TranslationMinX", "bool", "",0
			Property: "TranslationMinY", "bool", "",0
			Property: "TranslationMinZ", "bool", "",0
			Property: "TranslationMaxX", "bool", "",0
			Property: "TranslationMaxY", "bool", "",0
			Property: "TranslationMaxZ", "bool", "",0
			Property: "RotationOrder", "enum", "",0
			Property: "RotationSpaceForLimitOnly", "bool", "",0
			Property: "AxisLen", "double", "",10
			Property: "PreRotation", "Vector3D", "",0,0,0
			Property: "PostRotation", "Vector3D", "",0,0,0
			Property: "RotationActive", "bool", "",0
			Property: "RotationMin", "Vector3D", "",0,0,0
			Property: "RotationMax", "Vector3D", "",0,0,0
			Property: "RotationMinX", "bool", "",0
			Property: "RotationMinY", "bool", "",0
			Property: "RotationMinZ", "bool", "",0
			Property: "RotationMaxX", "bool", "",0
			Property: "RotationMaxY", "bool", "",0
			Property: "RotationMaxZ", "bool", "",0
			Property: "RotationStiffnessX", "double", "",0
			Property: "RotationStiffnessY", "double", "",0
			Property: "RotationStiffnessZ", "double", "",0
			Property: "MinDampRangeX", "double", "",0
			Property: "MinDampRangeY", "double", "",0
			Property: "MinDampRangeZ", "double", "",0
			Property: "MaxDampRangeX", "double", "",0
			Property: "MaxDampRangeY", "double", "",0
			Property: "MaxDampRangeZ", "double", "",0
			Property: "MinDampStrengthX", "double", "",0
			Property: "MinDampStrengthY", "double", "",0
			Property: "MinDampStrengthZ", "double", "",0
			Property: "MaxDampStrengthX", "double", "",0
			Property: "MaxDampStrengthY", "double", "",0
			Property: "MaxDampStrengthZ", "double", "",0
			Property: "PreferedAngleX", "double", "",0
			Property: "PreferedAngleY", "double", "",0
			Property: "PreferedAngleZ", "double", "",0
			Property: "InheritType", "enum", "",0
			Property: "ScalingActive", "bool", "",0
			Property: "ScalingMin", "Vector3D", "",1,1,1
			Property: "ScalingMax", "Vector3D", "",1,1,1
			Property: "ScalingMinX", "bool", "",0
			Property: "ScalingMinY", "bool", "",0
			Property: "ScalingMinZ", "bool", "",0
			Property: "ScalingMaxX", "bool", "",0
			Property: "ScalingMaxY", "bool", "",0
			Property: "ScalingMaxZ", "bool", "",0
			Property: "GeometricTranslation", "Vector3D", "",0,0,0
			Property: "GeometricRotation", "Vector3D", "",0,0,0
			Property: "GeometricScaling", "Vector3D", "",1,1,1
			Property: "LookAtProperty", "object", ""
			Property: "UpVectorProperty", "object", ""
			Property: "Show", "bool", "",1
			Property: "NegativePercentShapeSupport", "bool", "",1
			Property: "DefaultAttributeIndex", "int", "",0
			Property: "Color", "Color", "A",0.8,0.8,0.8
			Property: "Size", "double", "",100
			Property: "Look", "enum", "",1
		}
		MultiLayer: 0
		MultiTake: 1
		Shading: Y
		Culling: "CullingOff"
		Vertices: -8.161910,-7.804717,6.471730,7.081446,-18.539038,25.850439,10.292489,11.361535,2.572083,25.535845,0.627229,21.950813,
		          22.726793,-30.687613,40.180683,41.181206,-11.521354,36.281021,42.563873,-47.877281,49.571190,61.018280,-28.711035,45.671532,
		          2.732576,-0.331580,2.041680,17.975924,-11.065917,21.420332,33.621254,-23.214483,35.750542,53.458359,-40.404152,45.141087,
		          1.716242,-14.178329,3.146748,16.864962,-8.929557,24.735748,-4.487211,11.911416,1.156655,10.661508,17.160196,22.745623,
		          33.918510,-3.601638,41.424416,27.715044,22.488100,39.434288,57.918182,3.060060,53.946945,51.714722,29.149820,51.956856,
		          1.516947,-0.608428,-0.012592,16.665659,4.640352,21.576502,33.719177,9.968240,38.265095,57.718887,16.629976,50.787628,
		          -6.506887,-8.792785,4.447579,17.887651,-10.164596,15.678916,-2.955648,17.479197,-0.056842,21.438906,16.107363,11.174438,
		          41.467102,-12.307029,21.772984,45.018372,13.964944,17.268501,69.061035,-16.183279,20.920063,72.612305,10.088738,16.415585,
		          -3.269758,3.585466,-1.071693,21.124804,2.213655,10.159657,44.704285,0.071252,16.253798,72.298203,-3.804969,15.400767,
		          2.726839,13.677537,2.731030,-14.481086,12.217767,23.343487,6.475008,-12.921691,3.976372,-10.732947,-14.381454,24.588751,
		          -33.209396,10.309037,38.942429,-29.461287,-16.290182,40.187695,-58.639690,7.240785,49.945309,-54.891563,-19.358465,51.190575,
		          1.836313,-0.121337,1.010296,-15.371612,-1.581076,21.622784,-34.099957,-3.489836,37.221725,-59.530220,-6.558135,48.224609,
		          -13.525428,3.732744,4.838784,-23.637022,-18.738882,15.604337,11.198388,-6.760756,6.156877,1.086779,-29.232428,16.922428,
		          -33.188210,-40.541512,21.184681,-8.464408,-51.035057,22.502735,-43.992401,-66.193207,19.623652,-19.268553,-76.686768,20.941706,
		          -1.585203,-2.927954,2.150140,-11.696822,-25.399618,12.915837,-21.247980,-47.202309,18.496143,-32.052132,-72.854034,16.935041,
		          -11.665786,-2.924414,5.447186,-2.861692,-26.724737,14.343755,13.633126,6.161348,4.717645,22.437212,-17.638998,13.614284,
		          5.398836,-49.421944,18.128054,30.697756,-40.336189,17.398582,14.647447,-75.467117,14.482749,39.946381,-66.381317,13.753205,
		          1.304727,0.447320,1.631455,10.108834,-23.353018,10.528150,18.369387,-46.050255,14.312409,27.618059,-72.095398,10.667104,
		          -9.190757,-6.030318,6.940675,11.480042,-21.970739,13.401032,7.922350,14.043351,1.715035,28.593187,-1.897139,8.175454,
		          30.247026,-37.560844,14.972594,47.360168,-17.487173,9.746945,50.174850,-56.110741,8.976060,67.287994,-36.037071,3.750436,
		          -0.399588,2.900712,0.848462,20.271250,-13.039725,7.308988,39.038330,-28.629812,8.880464,58.966156,-47.179695,2.883893,
		          -14.870902,8.770036,2.003865,-16.269445,-17.096899,9.219098,11.982377,7.491182,2.624070,10.583779,-18.375799,9.839330,
		          -17.478350,-41.416603,11.412595,9.374940,-42.695457,12.032796,-18.653410,-68.731461,5.963365,8.199907,-70.010315,6.583581,
		          -1.409819,7.146059,-1.209300,-2.808371,-18.720953,6.006059,-4.017225,-43.040703,8.199536,-5.192244,-70.355560,2.750214,
		          -8.714263,16.095537,5.060639,-31.664660,3.582521,11.370833,4.115564,-7.536490,4.861119,-18.834959,-20.049490,11.171252,
		          -53.113575,-8.073256,12.715241,-40.283760,-31.705376,12.515649,-76.982109,-20.977331,6.315557,-64.152298,-44.609383,6.115964,
		          -3.066397,3.893167,1.404652,-26.016859,-8.619895,7.714952,-47.465755,-20.275732,9.059392,-71.334267,-33.179817,2.659592,
		          10.581735,8.727983,2.982438,2.049013,30.198778,16.741495,-12.790351,-3.660102,7.819440,-21.323080,17.810801,21.578568,
		          -7.257971,51.111496,25.329773,-30.630167,38.723396,30.166809,-19.925875,75.851662,27.480761,-43.298073,63.463577,32.317726,
		          -2.492033,3.952043,2.327283,-11.024764,25.422861,16.086487,-20.331793,46.335602,24.674765,-32.999748,71.075745,26.825642,
		          16.216669,-3.099471,5.459512,25.324846,18.967409,17.837206,-9.084601,4.877313,9.856412,0.023645,26.944239,22.234173,
		          33.479683,40.858925,25.046944,8.178347,48.835770,29.443903,41.934494,67.419762,25.511930,16.633173,75.396591,29.908901,
		          3.574678,2.675927,4.465680,12.682862,24.742807,16.843569,20.837694,46.634354,24.053316,29.292467,73.195213,24.518213,
		          3.873461,12.143174,1.414010,-17.367804,26.564249,9.411054,-9.499816,-10.551879,6.818414,-30.741171,3.869325,14.815495,
		          -37.947666,39.411339,12.434964,-51.320988,16.716280,17.839369,-62.112091,52.614220,8.082627,-75.485405,29.919191,13.487103,
		          -4.125700,0.755937,0.701508,-25.366968,15.177056,8.698773,-45.946819,28.024172,11.722646,-70.111305,41.226997,7.370240,
		          13.740411,-0.603568,9.729730,11.379411,8.734887,28.410889,-7.060393,0.033761,6.782235,-9.421393,9.372201,25.463394,
		          9.576715,20.179445,43.607361,-11.224105,20.816767,40.659870,8.271029,37.627220,56.594406,-12.529792,38.264519,53.646950,
		          3.595247,2.275323,7.008351,1.234224,11.613770,25.689619,-0.568449,23.058321,40.886017,-1.874151,40.506096,53.873062,
		          -10.041595,3.168489,5.811250,-9.618629,-5.221320,21.928141,7.146479,-1.874327,2.735047,7.569460,-10.264129,18.851978,
		          -10.209167,-15.241240,35.054222,6.978914,-20.284048,31.978058,-12.576087,-30.170477,46.302883,4.612009,-35.213295,43.226719,
		          -2.249128,-1.436255,3.209634,-1.826132,-9.826041,19.326639,-2.416693,-19.845938,32.452648,-4.783590,-34.775215,43.701309,
		          3.731775,12.849244,1.800503,-19.919748,16.202211,14.148675,1.520868,-13.782523,4.797166,-22.130709,-10.429481,17.145359,
		          -43.140701,18.933939,21.293354,-45.351597,-7.697836,24.290028,-70.918007,21.276918,21.621023,-73.128960,-5.354880,24.617718,
		          0.911791,-0.687056,0.074555,-22.739733,2.665933,12.422902,-45.960751,5.397607,19.567566,-73.738083,7.740526,19.895155,
		          0.456148,7.852334,5.871507,-7.914793,4.189424,28.205475,6.402605,-3.430655,6.535821,-1.968313,-7.093573,28.869793,
		          -18.213110,-0.411414,46.385651,-12.266639,-11.694411,47.049965,-33.965630,-7.573470,61.947044,-28.019148,-18.856466,62.611389,
		          1.101709,1.114099,4.722230,-7.269202,-2.548804,27.056318,-17.567503,-7.149642,45.236420,-33.320042,-14.311706,60.797806,
		          25.947229,-26.755285,63.695686,13.994203,-13.742972,48.549736,6.100428,-5.096869,30.642431,-0.390921,2.062494,8.531201,
		          28.681116,-20.341330,65.547760,19.755877,-29.455267,64.928070,16.728136,-7.329031,50.401779,7.802896,-16.442976,49.782127,
		          8.834337,1.317102,32.494400,2.342974,8.476457,10.383286,-0.090887,-7.796858,31.874748,-6.582273,-0.637473,9.763635,
		          8.113070,-0.127654,3.761761,11.306672,25.616304,10.844436,-18.499090,2.361406,6.713971,-15.305442,28.105448,13.796695,
		          13.805436,49.846165,12.939900,-12.806731,52.335266,15.892104,15.743379,77.104568,7.426335,-10.868819,79.593681,10.378564,
		          -5.488317,2.118119,1.731537,-2.294668,27.862116,8.814370,0.204004,52.092030,10.909783,2.141924,79.350441,5.396184,
		          66.237656,38.228706,2.774857,41.270882,27.413683,8.846990,19.412798,16.568361,7.321858,-3.578825,4.190362,0.896134,
		          59.416962,50.330132,3.868459,70.907959,26.495951,8.665170,34.450165,39.515091,9.940530,45.941193,15.680940,14.737260,
		          12.592149,28.669855,8.415391,-10.399505,16.291872,1.989770,24.083117,4.835718,13.212050,1.091532,-7.542258,6.786492
		PolygonVertexIndex: 8,9,3,-3,9,1,4,-11,10,4,6,-12,5,10,11,-8,3,9,10,-6,0,1,9,-9,20,21,15,-15,21,13,16,-23,
		                    22,16,18,-24,17,22,23,-20,15,21,22,-18,12,13,21,-21,32,33,27,-27,33,25,28,-35,34,28,30,-36,29,34,35,-32,
		                    27,33,34,-30,24,25,33,-33,44,45,39,-39,45,37,40,-47,46,40,42,-48,41,46,47,-44,39,45,46,-42,36,37,45,-45,
		                    56,57,51,-51,57,49,52,-59,58,52,54,-60,53,58,59,-56,51,57,58,-54,48,49,57,-57,68,69,63,-63,69,61,64,-71,
		                    70,64,66,-72,65,70,71,-68,63,69,70,-66,60,61,69,-69,80,81,75,-75,81,73,76,-83,82,76,78,-84,77,82,83,-80,
		                    75,81,82,-78,72,73,81,-81,92,93,87,-87,93,85,88,-95,94,88,90,-96,89,94,95,-92,87,93,94,-90,84,85,93,-93,
		                    104,105,99,-99,105,97,100,-107,106,100,102,-108,101,106,107,-104,99,105,106,-102,96,97,105,-105,116,117,111,-111,117,109,112,-119,
		                    118,112,114,-120,113,118,119,-116,111,117,118,-114,108,109,117,-117,128,129,123,-123,129,121,124,-131,130,124,126,-132,125,130,131,-128,
		                    123,129,130,-126,120,121,129,-129,140,141,135,-135,141,133,136,-143,142,136,138,-144,137,142,143,-140,135,141,142,-138,132,133,141,-141,
		                    152,153,147,-147,153,145,148,-155,154,148,150,-156,149,154,155,-152,147,153,154,-150,144,145,153,-153,164,165,159,-159,165,157,160,-167,
		                    166,160,162,-168,161,166,167,-164,159,165,166,-162,156,157,165,-165,176,177,171,-171,177,169,172,-179,178,172,174,-180,173,178,179,-176,
		                    171,177,178,-174,168,169,177,-177,185,190,191,-188,190,184,186,-192,189,181,184,-191,188,189,183,-183,203,202,194,-196,200,194,193,-199,
		                    183,189,190,-186,180,181,189,-189,224,218,217,-223,204,205,213,-213,222,217,216,-221,212,213,207,-207,217,223,221,-217,213,205,208,-215,
		                    218,226,223,-218,214,208,210,-216,219,218,224,-226,209,214,215,-212,198,193,192,-197,193,199,197,-193,207,213,214,-210,194,202,199,-194,
		                    227,226,218,-220,195,194,200,-202
		GeometryVersion: 124
		LayerElementNormal: 0 {
			Version: 101
			Name: ""
			MappingInformationType: "ByPolygonVertex"
			ReferenceInformationType: "Direct"
			Normals: 0.000274,-0.000041,1.000000,0.001815,-0.000978,0.999998,0.002505,0.000056,0.999997,0.001034,0.001080,0.999999,
			         0.001815,-0.000978,0.999998,0.000677,-0.001690,0.999998,0.002228,-0.002759,0.999994,0.003311,-0.002090,0.999992,
			         0.003311,-0.002090,0.999992,0.002228,-0.002759,0.999994,0.004161,-0.004258,0.999982,0.005194,-0.003622,0.999980,
			         0.004033,-0.001030,0.999991,0.003311,-0.002090,0.999992,0.005194,-0.003622,0.999980,0.005940,-0.002554,0.999979,
			         0.002505,0.000056,0.999997,0.001815,-0.000978,0.999998,0.003311,-0.002090,0.999992,0.004033,-0.001030,0.999991,
			         -0.000832,-0.000693,0.999999,0.000677,-0.001690,0.999998,0.001815,-0.000978,0.999998,0.000274,-0.000041,1.000000,
			         0.000137,-0.000032,1.000000,0.001651,0.000429,0.999999,0.001074,0.001521,0.999998,-0.000444,0.001069,0.999999,
			         0.001651,0.000429,0.999999,0.001657,-0.000773,0.999998,0.003310,-0.000302,0.999994,0.003307,0.000906,0.999994,
			         0.003307,0.000906,0.999994,0.003310,-0.000302,0.999994,0.005617,0.000240,0.999984,0.005611,0.001479,0.999983,
			         0.002689,0.002029,0.999994,0.003307,0.000906,0.999994,0.005611,0.001479,0.999983,0.005020,0.002557,0.999984,
			         0.001074,0.001521,0.999998,0.001651,0.000429,0.999999,0.003307,0.000906,0.999994,0.002689,0.002029,0.999994,
			         0.000174,-0.001254,0.999999,0.001657,-0.000773,0.999998,0.001651,0.000429,0.999999,0.000137,-0.000032,1.000000,
			         -0.000329,0.000306,1.000000,0.002074,0.000184,0.999998,0.002112,0.001446,0.999997,-0.000312,0.001594,0.999999,
			         0.002074,0.000184,0.999998,0.001758,-0.000919,0.999998,0.004089,-0.001124,0.999991,0.004403,-0.000005,0.999990,
			         0.004403,-0.000005,0.999990,0.004089,-0.001124,0.999991,0.006799,-0.001484,0.999976,0.007140,-0.000356,0.999974,
			         0.004435,0.001257,0.999989,0.004403,-0.000005,0.999990,0.007140,-0.000356,0.999974,0.007169,0.000900,0.999974,
			         0.002112,0.001446,0.999997,0.002074,0.000184,0.999998,0.004403,-0.000005,0.999990,0.004435,0.001257,0.999989,
			         -0.000640,-0.000812,1.000000,0.001758,-0.000919,0.999998,0.002074,0.000184,0.999998,-0.000329,0.000306,1.000000,
			         0.000168,0.000018,1.000000,-0.001525,-0.000165,0.999999,-0.001064,-0.001307,0.999999,0.000641,-0.001156,0.999999,
			         -0.001525,-0.000165,0.999999,-0.001418,0.001118,0.999998,-0.003249,0.000949,0.999994,-0.003325,-0.000304,0.999994,
			         -0.003325,-0.000304,0.999994,-0.003249,0.000949,0.999994,-0.005714,0.000656,0.999983,-0.005780,-0.000569,0.999983,
			         -0.002888,-0.001447,0.999995,-0.003325,-0.000304,0.999994,-0.005780,-0.000569,0.999983,-0.005298,-0.001730,0.999985,
			         -0.001064,-0.001307,0.999999,-0.001525,-0.000165,0.999999,-0.003325,-0.000304,0.999994,-0.002888,-0.001447,0.999995,
			         0.000280,0.001239,0.999999,-0.001418,0.001118,0.999998,-0.001525,-0.000165,0.999999,0.000168,0.000018,1.000000,
			         -0.000165,-0.000271,1.000000,-0.001134,-0.002325,0.999997,0.000120,-0.002648,0.999996,0.001124,-0.000596,0.999999,
			         -0.001134,-0.002325,0.999997,-0.002365,-0.001695,0.999996,-0.003246,-0.003668,0.999988,-0.002095,-0.004270,0.999989,
			         -0.002095,-0.004270,0.999989,-0.003246,-0.003668,0.999988,-0.004318,-0.005987,0.999973,-0.003161,-0.006587,0.999973,
			         -0.000837,-0.004588,0.999989,-0.002095,-0.004270,0.999989,-0.003161,-0.006587,0.999973,-0.001882,-0.006909,0.999974,
			         0.000120,-0.002648,0.999996,-0.001134,-0.002325,0.999997,-0.002095,-0.004270,0.999989,-0.000837,-0.004588,0.999989,
			         -0.001336,0.000364,0.999999,-0.002365,-0.001695,0.999996,-0.001134,-0.002325,0.999997,-0.000165,-0.000271,1.000000,
			         0.000123,0.000056,1.000000,0.000976,-0.002106,0.999997,0.002212,-0.001601,0.999996,0.001353,0.000552,0.999999,
			         0.000976,-0.002106,0.999997,-0.000289,-0.002417,0.999997,0.000517,-0.004471,0.999990,0.001807,-0.004176,0.999990,
			         0.001807,-0.004176,0.999990,0.000517,-0.004471,0.999990,0.001424,-0.006850,0.999976,0.002742,-0.006556,0.999975,
			         0.003011,-0.003652,0.999989,0.001807,-0.004176,0.999990,0.002742,-0.006556,0.999975,0.003944,-0.006024,0.999974,
			         0.002212,-0.001601,0.999996,0.000976,-0.002106,0.999997,0.001807,-0.004176,0.999990,0.003011,-0.003652,0.999989,
			         -0.001141,-0.000267,0.999999,-0.000289,-0.002417,0.999997,0.000976,-0.002106,0.999997,0.000123,0.000056,1.000000,
			         -0.000043,0.000243,1.000000,0.002031,-0.001199,0.999997,0.002845,-0.000171,0.999996,0.000775,0.001296,0.999999,
			         0.002031,-0.001199,0.999997,0.001119,-0.001992,0.999997,0.002981,-0.003392,0.999990,0.003848,-0.002609,0.999989,
			         0.003848,-0.002609,0.999989,0.002981,-0.003392,0.999990,0.004971,-0.005124,0.999975,0.005857,-0.004303,0.999974,
			         0.004691,-0.001581,0.999988,0.003848,-0.002609,0.999989,0.005857,-0.004303,0.999974,0.006691,-0.003308,0.999972,
			         0.002845,-0.000171,0.999996,0.002031,-0.001199,0.999997,0.003848,-0.002609,0.999989,0.004691,-0.001581,0.999988,
			         -0.000886,-0.000543,0.999999,0.001119,-0.001992,0.999997,0.002031,-0.001199,0.999997,-0.000043,0.000243,1.000000,
			         -0.000146,0.000669,1.000000,-0.000285,-0.001702,0.999999,0.001032,-0.001671,0.999998,0.001181,0.000700,0.999999,
			         -0.000285,-0.001702,0.999999,-0.001600,-0.001534,0.999998,-0.001711,-0.003768,0.999991,-0.000402,-0.003911,0.999992,
			         -0.000402,-0.003911,0.999992,-0.001711,-0.003768,0.999991,-0.001847,-0.006239,0.999979,-0.000523,-0.006418,0.999979,
			         0.000935,-0.003878,0.999992,-0.000402,-0.003911,0.999992,-0.000523,-0.006418,0.999979,0.000785,-0.006362,0.999980,
			         0.001032,-0.001671,0.999998,-0.000285,-0.001702,0.999999,-0.000402,-0.003911,0.999992,0.000935,-0.003878,0.999992,
			         -0.001488,0.000801,0.999999,-0.001600,-0.001534,0.999998,-0.000285,-0.001702,0.999999,-0.000146,0.000669,1.000000,
			         -0.000317,0.000337,1.000000,-0.002556,-0.000787,0.999996,-0.001879,-0.001798,0.999997,0.000398,-0.000679,1.000000,
			         -0.002556,-0.000787,0.999996,-0.003139,0.000323,0.999995,-0.005247,-0.000714,0.999986,-0.004718,-0.001845,0.999987,
			         -0.004718,-0.001845,0.999987,-0.005247,-0.000714,0.999986,-0.007621,-0.001891,0.999969,-0.007102,-0.003036,0.999970,
			         -0.003987,-0.002868,0.999988,-0.004718,-0.001845,0.999987,-0.007102,-0.003036,0.999970,-0.006358,-0.004069,0.999972,
			         -0.001879,-0.001798,0.999997,-0.002556,-0.000787,0.999996,-0.004718,-0.001845,0.999987,-0.003987,-0.002868,0.999988,
			         -0.000886,0.001472,0.999999,-0.003139,0.000323,0.999995,-0.002556,-0.000787,0.999996,-0.000317,0.000337,1.000000,
			         -0.000257,0.000364,1.000000,-0.001100,0.002313,0.999997,-0.002102,0.001639,0.999996,-0.001285,-0.000358,0.999999,
			         -0.001100,0.002313,0.999997,0.000207,0.002751,0.999996,-0.000715,0.004587,0.999989,-0.002006,0.004150,0.999989,
			         -0.002006,0.004150,0.999989,-0.000715,0.004587,0.999989,-0.001950,0.006848,0.999975,-0.003238,0.006397,0.999974,
			         -0.003011,0.003472,0.999990,-0.002006,0.004150,0.999989,-0.003238,0.006397,0.999974,-0.004251,0.005693,0.999975,
			         -0.002102,0.001639,0.999996,-0.001100,0.002313,0.999997,-0.002006,0.004150,0.999989,-0.003011,0.003472,0.999990,
			         0.001075,0.000806,0.999999,0.000207,0.002751,0.999996,-0.001100,0.002313,0.999997,-0.000257,0.000364,1.000000,
			         0.000352,0.000265,1.000000,0.001288,0.002227,0.999997,-0.000012,0.002412,0.999997,-0.000870,0.000455,1.000000,
			         0.001288,0.002227,0.999997,0.002494,0.001712,0.999995,0.003273,0.003669,0.999988,0.002029,0.004218,0.999989,
			         0.002029,0.004218,0.999989,0.003273,0.003669,0.999988,0.004118,0.006078,0.999973,0.002895,0.006584,0.999974,
			         0.000784,0.004389,0.999990,0.002029,0.004218,0.999989,0.002895,0.006584,0.999974,0.001618,0.006761,0.999976,
			         -0.000012,0.002412,0.999997,0.001288,0.002227,0.999997,0.002029,0.004218,0.999989,0.000784,0.004389,0.999990,
			         0.001583,-0.000282,0.999999,0.002494,0.001712,0.999995,0.001288,0.002227,0.999997,0.000352,0.000265,1.000000,
			         -0.000404,0.000072,1.000000,-0.002499,0.001367,0.999996,-0.003060,0.000359,0.999995,-0.000958,-0.000977,0.999999,
			         -0.002499,0.001367,0.999996,-0.001718,0.002424,0.999996,-0.003745,0.003592,0.999987,-0.004568,0.002532,0.999986,
			         -0.004568,0.002532,0.999986,-0.003745,0.003592,0.999987,-0.006169,0.004781,0.999969,-0.006957,0.003753,0.999969,
			         -0.005037,0.001520,0.999986,-0.004568,0.002532,0.999986,-0.006957,0.003753,0.999969,-0.007439,0.002723,0.999969,
			         -0.003060,0.000359,0.999995,-0.002499,0.001367,0.999996,-0.004568,0.002532,0.999986,-0.005037,0.001520,0.999986,
			         0.000372,0.001109,0.999999,-0.001718,0.002424,0.999996,-0.002499,0.001367,0.999996,-0.000404,0.000072,1.000000,
			         0.000357,0.000211,1.000000,0.000048,0.001050,1.000000,-0.000937,0.000836,0.999999,-0.000706,-0.000012,1.000000,
			         0.000048,0.001050,1.000000,0.001123,0.000805,0.999999,0.000944,0.001772,0.999998,0.000013,0.002067,0.999998,
			         0.000013,0.002067,0.999998,0.000944,0.001772,0.999998,0.000755,0.003350,0.999994,-0.000169,0.003601,0.999993,
			         -0.001061,0.001856,0.999998,0.000013,0.002067,0.999998,-0.000169,0.003601,0.999993,-0.001197,0.003397,0.999994,
			         -0.000937,0.000836,0.999999,0.000048,0.001050,1.000000,0.000013,0.002067,0.999998,-0.001061,0.001856,0.999998,
			         0.001332,-0.000049,0.999999,0.001123,0.000805,0.999999,0.000048,0.001050,1.000000,0.000357,0.000211,1.000000,
			         -0.000266,-0.000126,1.000000,-0.000107,-0.000911,1.000000,0.000709,-0.000941,0.999999,0.000725,-0.000152,1.000000,
			         -0.000107,-0.000911,1.000000,-0.000935,-0.000478,0.999999,-0.000999,-0.001342,0.999999,-0.000234,-0.001782,0.999998,
			         -0.000234,-0.001782,0.999998,-0.000999,-0.001342,0.999999,-0.001216,-0.002671,0.999996,-0.000471,-0.003096,0.999995,
			         0.000710,-0.001808,0.999998,-0.000234,-0.001782,0.999998,-0.000471,-0.003096,0.999995,0.000450,-0.003158,0.999995,
			         0.000709,-0.000941,0.999999,-0.000107,-0.000911,1.000000,-0.000234,-0.001782,0.999998,0.000710,-0.001808,0.999998,
			         -0.001002,0.000272,0.999999,-0.000935,-0.000478,0.999999,-0.000107,-0.000911,1.000000,-0.000266,-0.000126,1.000000,
			         0.000098,-0.000052,1.000000,-0.002230,0.000212,0.999998,-0.002169,-0.000940,0.999997,0.000168,-0.001267,0.999999,
			         -0.002230,0.000212,0.999998,-0.001982,0.001473,0.999997,-0.004250,0.001703,0.999990,-0.004531,0.000485,0.999990,
			         -0.004531,0.000485,0.999990,-0.004250,0.001703,0.999990,-0.006991,0.001925,0.999974,-0.007269,0.000691,0.999973,
			         -0.004459,-0.000705,0.999990,-0.004531,0.000485,0.999990,-0.007269,0.000691,0.999973,-0.007175,-0.000461,0.999974,
			         -0.002169,-0.000940,0.999997,-0.002230,0.000212,0.999998,-0.004531,0.000485,0.999990,-0.004459,-0.000705,0.999990,
			         0.000373,0.001194,0.999999,-0.001982,0.001473,0.999997,-0.002230,0.000212,0.999998,0.000098,-0.000052,1.000000,
			         -0.001185,-0.001058,0.999999,-0.001700,-0.000626,0.999998,-0.003226,-0.001239,0.999994,-0.002696,-0.001688,0.999995,
			         -0.001700,-0.000626,0.999998,-0.001762,-0.000018,0.999998,-0.003269,-0.000687,0.999995,-0.003226,-0.001239,0.999994,
			         -0.000708,-0.000274,1.000000,-0.000753,0.000416,1.000000,-0.001762,-0.000018,0.999998,-0.001700,-0.000626,0.999998,
			         0.000101,0.000124,1.000000,-0.000708,-0.000274,1.000000,-0.000181,-0.000652,1.000000,0.000626,-0.000315,1.000000,
			         -0.000711,-0.000054,1.000000,-0.000003,-0.000699,1.000000,0.000601,-0.000426,1.000000,-0.000027,0.000205,1.000000,
			         0.000866,0.000149,1.000000,0.000601,-0.000426,1.000000,0.001366,-0.001200,0.999998,0.001602,-0.000688,0.999998,
			         -0.000181,-0.000652,1.000000,-0.000708,-0.000274,1.000000,-0.001700,-0.000626,0.999998,-0.001185,-0.001058,0.999999,
			         0.000023,0.000723,1.000000,-0.000753,0.000416,1.000000,-0.000708,-0.000274,1.000000,0.000101,0.000124,1.000000,
			         0.001243,0.002608,0.999996,0.001939,0.001498,0.999997,0.004088,0.002507,0.999988,0.003405,0.003586,0.999988,
			         0.000805,0.000004,1.000000,0.001117,0.002321,0.999997,-0.000225,0.002547,0.999997,-0.000555,0.000212,1.000000,
			         0.003405,0.003586,0.999988,0.004088,0.002507,0.999988,0.006587,0.003501,0.999972,0.005898,0.004577,0.999972,
			         -0.000555,0.000212,1.000000,-0.000225,0.002547,0.999997,-0.001535,0.002556,0.999996,-0.001836,0.000198,0.999998,
			         0.004088,0.002507,0.999988,0.004540,0.001429,0.999989,0.007036,0.002413,0.999972,0.006587,0.003501,0.999972,
			         -0.000225,0.002547,0.999997,0.001117,0.002321,0.999997,0.001383,0.004511,0.999989,0.000005,0.004725,0.999989,
			         0.001939,0.001498,0.999997,0.002373,0.000456,0.999997,0.004540,0.001429,0.999989,0.004088,0.002507,0.999988,
			         0.000005,0.004725,0.999989,0.001383,0.004511,0.999989,0.001573,0.007009,0.999974,0.000201,0.007207,0.999974,
			         -0.000368,0.000376,1.000000,0.001939,0.001498,0.999997,0.001243,0.002608,0.999996,-0.001010,0.001489,0.999998,
			         -0.001270,0.004749,0.999988,0.000005,0.004725,0.999989,0.000201,0.007207,0.999974,-0.001080,0.007196,0.999974,
			         0.001602,-0.000688,0.999998,0.001366,-0.001200,0.999998,0.002508,-0.002336,0.999994,0.002759,-0.001814,0.999995,
			         0.001366,-0.001200,0.999998,0.000764,-0.001440,0.999999,0.001925,-0.002611,0.999995,0.002508,-0.002336,0.999994,
			         -0.001535,0.002556,0.999996,-0.000225,0.002547,0.999997,0.000005,0.004725,0.999989,-0.001270,0.004749,0.999988,
			         0.000601,-0.000426,1.000000,-0.000003,-0.000699,1.000000,0.000764,-0.001440,0.999999,0.001366,-0.001200,0.999998,
			         0.000115,-0.000693,1.000000,0.002373,0.000456,0.999997,0.001939,0.001498,0.999997,-0.000368,0.000376,1.000000,
			         -0.000027,0.000205,1.000000,0.000601,-0.000426,1.000000,0.000866,0.000149,1.000000,0.000234,0.000753,1.000000
		}
		LayerElementUV: 0 {
			Version: 101
			Name: "UVMap"
			MappingInformationType: "ByPolygonVertex"
			ReferenceInformationType: "IndexToDirect"
			UV: 0.735992,0.018282,0.486129,0.263333,0.859872,0.143575,0.513589,0.744498,0.611285,0.395339,0.742183,0.519384,
			    0.379396,0.627229,0.256431,0.985297,0.122544,0.878367,0.261155,0.490747,0.985031,0.267321,0.015879,0.744745
			UVIndex: 2,4,1,0,4,5,3,6,6,3,7,8,9,6,8,11,1,4,6,9,10,5,4,2,2,4,5,10,4,1,9,6,6,9,11,8,3,6,8,7,5,4,6,3,0,1,4,2,2,4,1,0,4,5,3,6,6,3,7,8,9,6,8,11,
			         1,4,6,9,10,5,4,2,2,4,1,0,4,5,3,6,6,3,7,8,9,6,8,11,1,4,6,9,10,5,4,2,2,4,1,0,4,5,3,6,6,3,7,8,9,6,8,11,1,4,6,9,10,5,4,2,2,4,1,0,4,5,3,6,
			         6,3,7,8,9,6,8,11,1,4,6,9,10,5,4,2,2,4,5,10,4,1,9,6,6,9,11,8,3,6,8,7,5,4,6,3,0,1,4,2,2,4,1,0,4,5,3,6,6,3,7,8,9,6,8,11,1,4,6,9,10,5,4,2,
			         2,4,1,0,4,5,3,6,6,3,7,8,9,6,8,11,1,4,6,9,10,5,4,2,2,4,1,0,4,5,3,6,6,3,7,8,9,6,8,11,1,4,6,9,10,5,4,2,2,4,1,0,4,5,3,6,6,3,7,8,9,6,8,11,
			         1,4,6,9,10,5,4,2,2,4,5,10,4,1,9,6,6,9,11,8,3,6,8,7,5,4,6,3,0,1,4,2,2,4,1,0,4,5,3,6,6,3,7,8,9,6,8,11,1,4,6,9,10,5,4,2,2,4,1,0,4,5,3,6,
			         6,3,7,8,9,6,8,11,1,4,6,9,10,5,4,2,2,4,1,0,4,5,3,6,6,3,7,8,9,6,8,11,1,4,6,9,10,5,4,2,3,6,8,7,6,9,11,8,4,1,9,6,2,4,5,10,0,1,4,2,5,4,6,3,
			         5,4,6,3,0,1,4,2,5,4,6,3,0,1,4,2,3,6,8,7,2,4,5,10,6,9,11,8,4,1,9,6,4,1,9,6,6,9,11,8,2,4,5,10,3,6,8,7,3,6,8,7,6,9,11,8,5,4,6,3,4,1,9,6,
			         0,1,4,2,2,4,5,10
		}
		LayerElementTexture: 0 {
			Version: 101
			Name: ""
			MappingInformationType: "NoMappingInformation"
			ReferenceInformationType: "IndexToDirect"
			BlendMode: "Translucent"
			TextureAlpha: 1
			TextureId: 
		}
		LayerElementMaterial: 0 {
			Version: 101
			Name: ""
			MappingInformationType: "AllSame"
			ReferenceInformationType: "IndexToDirect"
			Materials: 0
		}
		Layer: 0 {
			Version: 100
			LayerElement:  {
				Type: "LayerElementNormal"
				TypedIndex: 0
			}
			LayerElement:  {
				Type: "LayerElementUV"
				TypedIndex: 0
			}
			LayerElement:  {
				Type: "LayerElementTexture"
				TypedIndex: 0
			}
			LayerElement:  {
				Type: "LayerElementMaterial"
				TypedIndex: 0
			}
		}
	}
	Material: "Material::Material", "" {
		Version: 102
		ShadingModel: "lambert"
		MultiLayer: 0
		Properties60:  {
			Property: "ShadingModel", "KString", "", "Lambert"
			Property: "MultiLayer", "bool", "",0
			Property: "EmissiveColor", "ColorRGB", "",0.8000,0.8000,0.8000
			Property: "EmissiveFactor", "double", "",0.0000
			Property: "AmbientColor", "ColorRGB", "",1.0000,1.0000,1.0000
			Property: "AmbientFactor", "double", "",1.0000
			Property: "DiffuseColor", "ColorRGB", "",0.8000,0.8000,0.8000
			Property: "DiffuseFactor", "double", "",0.8000
			Property: "Bump", "Vector3D", "",0,0,0
			Property: "TransparentColor", "ColorRGB", "",1,1,1
			Property: "TransparencyFactor", "double", "",0.0000
			Property: "SpecularColor", "ColorRGB", "",1.0000,1.0000,1.0000
			Property: "SpecularFactor", "double", "",0.5000
			Property: "ShininessExponent", "double", "",12.3
			Property: "ReflectionColor", "ColorRGB", "",0,0,0
			Property: "ReflectionFactor", "double", "",1
			Property: "Emissive", "ColorRGB", "",0,0,0
			Property: "Ambient", "ColorRGB", "",1.0,1.0,1.0
			Property: "Diffuse", "ColorRGB", "",0.8,0.8,0.8
			Property: "Specular", "ColorRGB", "",1.0,1.0,1.0
			Property: "Shininess", "double", "",12.3
			Property: "Opacity", "double", "",1.0
			Property: "Reflectivity", "double", "",0
		}
	}
	Pose: "Pose::BIND_POSES", "BindPose" {
		Type: "BindPose"
		Version: 100
		Properties60:  {
		}
		NbPoseNodes: 1
		PoseNode:  {
			Node: "Model::Plant"
			Matrix: 1.000000000000000,0.000000075497901,0.000000000000000,0.000000000000000,0.000000075497901,-1.000000000000000,0.000000000000000,0.000000000000000,0.000000000000000,0.000000000000000,-1.000000000000000,0.000000000000000,0.000007629394531,0.000000000000000,0.000000000000000,1.000000000000000
		}
	}
	GlobalSettings:  {
		Version: 1000
		Properties60:  {
			Property: "UpAxis", "int", "",1
			Property: "UpAxisSign", "int", "",1
			Property: "FrontAxis", "int", "",2
			Property: "FrontAxisSign", "int", "",1
			Property: "CoordAxis", "int", "",0
			Property: "CoordAxisSign", "int", "",1
			Property: "UnitScaleFactor", "double", "",1
		}
	}
}

; Object relations
;------------------------------------------------------------------

Relations:  {
	Model: "Model::Plant", "Mesh" {
	}
	Model: "Model::Producer Perspective", "Camera" {
	}
	Model: "Model::Producer Top", "Camera" {
	}
	Model: "Model::Producer Bottom", "Camera" {
	}
	Model: "Model::Producer Front", "Camera" {
	}
	Model: "Model::Producer Back", "Camera" {
	}
	Model: "Model::Producer Right", "Camera" {
	}
	Model: "Model::Producer Left", "Camera" {
	}
	Model: "Model::Camera Switcher", "CameraSwitcher" {
	}
	Material: "Material::Material", "" {
	}
}

; Object connections
;------------------------------------------------------------------

Connections:  {
	Connect: "OO", "Model::Plant", "Model::Scene"
	Connect: "OO", "Material::Material", "Model::Plant"
}
;Takes and animation section
;----------------------------------------------------

Takes:  {
	Current: ""
}
;Version 5 settings
;------------------------------------------------------------------

Version5:  {
	AmbientRenderSettings:  {
		Version: 101
		AmbientLightColor: 0.0,0.0,0.0,0
	}
	FogOptions:  {
		FogEnable: 0
		FogMode: 0
		FogDensity: 0.000
		FogStart: 5.000
		FogEnd: 25.000
		FogColor: 0.1,0.1,0.1,1
	}
	Settings:  {
		FrameRate: "24"
		TimeFormat: 1
		SnapOnFrames: 0
		ReferenceTimeIndex: -1
		TimeLineStartTime: 0
		TimeLineStopTime: 0
	}
	RendererSetting:  {
		DefaultCamera: "Producer Perspective"
		DefaultViewingMode: 0
	}
}
